0 285 168 228 220 267 218 343 363 165 245 324 203 78 307 136 276 149 235 109 285 134 327 195 261 217 429 271 149 277 256 301 135 226 321 179 227 122 217 167 64 461 215 157 86 244 286 154 280 315 228 228 182 117 356 310 265 79 212 248 189 330 160 217 212 408 320 371 122 175 242 113 246 301 269 324 386 159 382 256 285 295 170 250 236 366 275 350 174 237 273 312 215 107 322 290 399 137 241 308 268 
285 0 413 289 281 176 67 58 648 292 184 385 488 363 592 421 215 434 520 394 476 339 450 480 196 300 144 556 434 366 409 364 420 139 382 464 130 197 452 286 309 400 388 324 369 529 71 439 475 136 289 513 287 340 311 595 204 356 205 533 474 391 405 376 83 347 177 86 251 110 357 172 197 420 38 83 671 444 443 231 570 580 327 311 113 379 336 123 363 522 264 251 276 178 607 377 372 422 302 593 207 
168 413 0 396 388 395 346 471 235 333 373 492 75 104 179 68 324 195 107 165 117 74 495 153 389 113 557 143 191 445 424 469 265 354 489 253 355 290 385 335 232 293 383 325 82 116 414 306 448 443 396 198 350 73 188 182 271 89 340 404 167 498 8 49 340 240 448 499 162 303 74 241 374 133 397 452 258 31 550 384 177 167 86 418 364 198 443 478 50 331 401 288 383 235 194 122 231 125 409 180 302 
228 289 396 0 28 147 288 271 483 127 125 96 383 292 427 328 504 269 355 231 513 362 285 315 141 445 309 391 269 201 244 199 255 150 93 299 419 106 287 121 164 689 223 159 314 426 218 274 310 195 88 348 122 345 584 430 493 307 92 368 309 102 388 445 372 636 200 253 350 315 470 257 126 529 251 372 506 369 190 136 405 415 398 80 176 594 47 230 402 357 153 540 81 289 442 518 627 271 37 428 496 
220 281 388 28 0 119 280 263 511 155 97 104 375 284 455 320 496 297 383 257 505 354 313 343 113 437 281 419 297 229 272 227 283 142 101 327 411 98 315 149 172 681 251 187 306 418 210 302 338 167 116 376 150 337 576 458 485 299 76 396 337 110 380 437 364 628 172 245 342 307 462 249 98 521 243 364 534 361 218 108 433 443 390 108 168 586 55 202 394 385 125 532 109 281 470 510 619 285 65 456 488 
267 176 395 147 119 0 175 158 630 274 22 209 470 345 574 403 391 416 502 376 458 321 432 462 20 332 162 538 416 348 391 346 402 41 206 446 306 179 434 268 291 576 370 306 351 511 105 421 457 48 235 495 269 322 471 577 380 338 55 515 456 215 387 358 259 523 53 140 237 202 357 154 21 416 138 259 653 426 337 55 552 562 309 227 63 481 160 83 345 504 88 427 228 176 589 405 514 404 184 575 383 
218 67 346 288 280 175 0 125 581 225 183 384 421 296 525 354 216 367 453 327 409 272 387 413 195 233 211 489 367 337 342 361 353 138 381 397 131 182 385 227 242 401 321 257 302 462 70 372 408 135 288 446 242 273 296 528 205 289 204 466 407 390 338 309 84 348 176 153 184 43 290 105 196 353 51 106 604 377 442 230 503 513 260 310 112 312 335 132 296 455 263 252 275 111 540 310 339 355 301 526 208 
343 58 471 271 263 158 125 0 706 350 166 367 546 421 650 479 233 492 578 452 534 397 508 538 178 358 86 614 492 424 467 422 478 121 364 522 148 255 510 344 367 418 446 382 427 587 57 497 533 118 311 571 345 398 369 653 222 414 187 591 532 373 463 434 131 365 159 28 309 168 415 230 179 478 74 101 729 502 425 213 628 638 385 303 107 437 318 105 421 580 246 269 304 236 665 435 430 480 284 651 225 
363 648 235 483 511 630 581 706 0 356 608 507 160 285 56 227 559 214 128 254 256 309 356 168 624 348 792 92 214 306 285 330 228 589 502 184 590 451 246 362 339 432 260 324 279 169 649 209 309 678 395 135 361 308 337 115 506 292 575 265 174 519 243 272 575 389 683 734 397 538 291 476 609 272 632 687 27 204 411 619 78 68 321 403 599 337 528 713 285 192 636 523 402 470 121 271 370 226 446 85 537 
165 292 333 127 155 274 225 350 356 0 252 159 320 229 300 265 441 142 272 168 450 299 162 188 268 382 436 264 142 112 117 136 128 233 156 172 356 95 160 6 101 626 96 32 251 363 293 147 183 322 63 221 17 282 521 309 430 244 219 241 182 165 325 382 309 573 327 378 287 252 407 194 253 466 276 331 379 306 217 263 278 288 335 85 243 531 172 357 339 230 280 477 50 226 315 455 564 208 90 301 433 
245 184 373 125 97 22 183 166 608 252 0 201 448 323 552 381 399 394 480 354 436 299 410 440 16 340 184 516 394 326 369 324 380 45 198 424 314 157 412 246 269 584 348 284 329 489 113 399 435 70 213 473 247 300 479 555 388 316 33 493 434 207 365 340 267 531 75 148 245 210 365 152 13 424 146 267 631 404 315 47 530 540 293 205 71 489 152 105 323 482 80 435 206 184 567 413 522 382 162 553 391 
324 385 492 96 104 209 384 367 507 159 201 0 479 388 451 424 600 297 431 327 609 458 309 339 189 541 339 415 301 225 268 223 279 246 5 323 515 202 311 157 260 785 247 183 410 522 314 298 334 249 112 372 146 441 680 468 589 403 180 392 333 12 484 541 468 732 208 349 446 411 566 353 188 625 347 468 530 465 214 154 429 439 494 104 272 690 49 262 498 381 129 636 109 385 474 614 723 367 83 452 592 
203 488 75 383 375 470 421 546 160 320 448 479 0 125 104 67 399 182 48 152 130 149 482 140 464 188 632 76 178 432 411 456 252 429 476 240 430 291 372 322 219 306 370 312 119 43 489 293 435 518 383 185 337 148 201 107 346 132 415 391 154 485 83 112 415 253 523 574 237 378 131 316 449 146 472 527 183 44 537 459 164 130 161 405 439 211 430 553 125 318 476 363 370 310 119 135 244 112 396 105 377 
78 363 104 292 284 345 296 421 285 229 323 388 125 0 229 58 274 91 157 61 221 70 391 117 339 153 507 193 87 341 320 365 161 304 385 149 305 186 281 231 128 397 279 221 22 166 364 202 344 393 292 150 246 53 292 232 221 15 290 300 111 394 96 153 290 344 398 449 112 253 178 191 324 237 347 402 308 81 446 334 207 217 106 314 314 302 339 428 110 227 351 248 279 185 244 226 335 59 305 230 252 
307 592 179 427 455 574 525 650 56 300 552 451 112 229 0 171 503 158 72 198 218 253 394 112 568 292 736 36 158 344 323 368 172 533 446 152 534 395 284 306 283 394 282 268 223 131 593 205 347 622 339 97 305 252 289 77 450 236 519 303 118 463 187 216 519 341 627 678 341 482 235 420 553 234 576 631 79 148 449 563 76 42 265 347 543 299 472 657 229 230 580 467 346 414 83 223 332 170 390 47 481 
136 421 68 328 320 403 354 479 227 265 381 424 67 58 171 0 332 127 99 97 185 82 427 85 397 121 565 135 123 377 356 401 197 362 421 185 363 224 317 267 164 361 315 257 52 108 422 238 380 451 328 130 282 81 256 174 279 65 348 336 99 430 60 117 348 308 456 507 170 311 142 249 382 201 405 460 250 41 482 392 149 159 94 350 372 266 375 486 74 263 409 296 315 243 186 190 299 57 341 172 310 
276 215 324 504 496 391 216 233 559 441 399 600 399 274 503 332 0 345 431 305 387 250 603 391 411 211 261 467 345 553 532 577 373 354 597 375 85 398 493 443 340 185 491 433 280 440 286 414 556 351 504 424 458 251 222 506 53 267 420 512 385 606 316 287 132 170 392 251 162 189 268 247 412 331 253 132 582 355 658 446 481 491 238 526 328 290 551 338 274 439 479 36 491 215 518 288 283 333 517 504 22 
149 434 195 269 297 416 367 492 214 142 394 297 182 91 158 127 345 0 134 40 312 161 300 46 410 244 578 122 4 250 229 274 70 375 294 58 376 237 190 148 125 488 188 130 113 225 435 111 253 464 201 79 155 144 383 171 292 106 361 209 40 305 187 244 361 435 469 520 183 324 269 262 395 328 418 473 237 168 355 405 136 146 197 223 385 393 314 499 201 136 422 339 188 256 177 317 426 70 232 159 323 
235 520 107 355 383 502 453 578 128 272 480 431 48 157 72 99 431 134 0 126 178 181 434 92 496 220 664 36 130 384 363 408 204 461 428 192 462 323 324 274 211 354 322 264 151 91 521 245 387 550 335 137 289 180 249 75 378 164 447 343 106 437 115 144 447 301 555 606 269 410 163 348 481 194 504 559 151 76 489 491 116 82 193 357 471 259 400 585 157 270 508 395 322 342 87 183 292 98 348 73 409 
109 394 165 231 257 376 327 452 254 168 354 327 152 61 198 97 305 40 126 0 282 131 330 86 370 214 538 162 40 280 259 304 100 335 324 88 336 197 220 170 85 458 218 160 83 195 395 141 283 424 231 119 185 114 353 201 262 76 321 239 80 333 157 214 321 405 429 480 143 284 239 222 355 298 378 433 277 138 385 365 176 186 167 253 345 363 278 459 171 166 382 309 218 216 213 287 396 40 244 199 283 
285 476 117 513 505 458 409 534 256 450 436 609 130 221 218 185 387 312 178 282 0 151 612 270 452 176 620 206 308 562 541 586 382 417 606 370 418 407 502 452 349 214 500 442 199 87 477 423 565 506 513 315 467 168 165 141 334 206 429 521 284 615 125 100 403 217 511 562 225 366 119 304 437 56 460 515 283 144 667 455 294 260 149 535 427 97 560 541 113 448 488 351 500 298 135 99 114 242 526 171 365 
134 339 74 362 354 321 272 397 309 299 311 458 149 70 253 82 250 161 181 131 151 0 461 141 315 83 483 217 157 411 390 435 231 280 455 219 281 256 351 301 198 327 349 291 48 190 340 272 414 369 362 174 316 17 222 256 197 55 278 370 135 464 66 83 266 274 374 425 88 229 108 167 300 167 323 378 332 105 516 310 231 241 36 384 290 232 409 404 40 297 337 214 349 161 268 156 265 91 375 254 228 
327 450 495 285 313 432 387 508 356 162 410 309 482 391 394 427 603 300 434 330 612 461 0 342 426 544 594 406 304 84 71 86 230 391 304 242 518 253 110 164 263 788 112 170 413 525 451 189 47 480 197 297 163 444 683 471 592 406 377 91 328 321 487 544 471 735 485 536 449 414 569 356 411 628 434 489 329 468 95 421 318 352 497 205 401 693 330 515 501 164 438 639 204 388 477 617 726 370 248 441 595 
195 480 153 315 343 462 413 538 168 188 440 339 140 117 112 85 391 46 92 86 270 141 342 0 456 202 624 76 46 292 271 316 112 421 336 100 422 283 232 194 171 446 230 172 111 183 481 153 295 510 243 45 197 140 341 129 338 124 407 251 14 351 145 202 407 393 515 566 229 370 227 308 441 286 464 519 191 126 397 451 90 100 155 265 431 351 360 545 159 178 468 355 234 302 135 275 384 58 278 113 369 
261 196 389 141 113 36 195 178 624 268 16 189 464 339 568 397 411 410 496 370 452 315 426 456 0 352 168 532 410 342 385 340 396 57 186 440 326 173 428 262 285 596 364 300 345 505 125 415 451 60 229 489 263 316 491 571 400 332 49 509 450 195 381 352 279 543 59 160 257 222 377 164 15 436 158 279 647 420 331 35 546 556 305 221 83 501 140 89 339 498 68 447 222 196 583 425 534 398 178 569 403 
217 300 113 445 437 332 233 358 348 382 340 541 188 153 292 121 211 244 220 214 176 83 544 202 352 0 444 256 240 494 473 518 314 295 538 302 242 339 434 384 281 244 432 374 131 229 301 355 497 330 445 247 399 100 139 295 158 138 361 453 216 547 105 76 227 191 335 386 95 190 57 188 353 120 284 339 371 144 599 387 270 280 47 467 269 149 492 365 63 380 420 175 432 156 307 77 182 174 458 293 189 
429 144 557 309 281 162 211 86 792 436 184 339 632 507 736 565 261 578 664 538 620 483 594 624 168 444 0 700 578 510 553 508 564 203 336 608 202 341 596 430 453 446 532 468 513 673 143 583 619 114 397 657 431 484 455 739 286 500 217 677 618 345 549 520 217 403 131 58 395 254 501 316 183 564 160 129 815 588 499 185 714 724 471 389 193 523 290 79 507 666 218 297 390 322 751 521 516 566 346 737 255 
271 556 143 391 419 538 489 614 92 264 516 415 76 193 36 135 467 122 36 162 206 217 406 96 532 256 700 0 122 356 335 380 176 497 410 164 498 359 296 270 247 382 294 236 187 119 557 217 359 586 307 109 269 216 277 65 414 200 483 315 82 427 151 180 483 329 591 642 305 446 199 384 517 222 540 595 115 112 461 527 88 54 229 329 507 287 436 621 193 242 544 431 310 378 71 211 320 134 354 37 445 
149 434 191 269 297 416 367 492 214 142 394 301 178 87 158 123 345 4 130 40 308 157 304 46 410 240 578 122 0 254 233 278 74 375 298 62 376 237 194 148 125 484 192 134 109 221 435 115 257 464 205 79 159 140 379 167 292 102 361 213 40 307 183 240 361 431 469 520 183 324 265 262 395 324 418 473 237 164 359 405 136 146 193 227 385 389 314 499 197 140 422 335 192 256 173 313 422 66 232 159 323 
277 366 445 201 229 348 337 424 306 112 326 225 432 341 344 377 553 250 384 280 562 411 84 292 342 494 510 356 254 0 43 24 180 307 220 192 468 169 86 110 213 738 62 120 363 475 367 139 109 396 113 247 95 394 633 421 542 356 293 167 278 237 437 494 421 685 401 452 399 364 519 306 327 578 350 421 305 418 105 337 268 302 447 121 317 643 246 431 451 156 354 589 120 338 427 567 676 320 164 391 545 
256 409 424 244 272 391 342 467 285 117 369 268 411 320 323 356 532 229 363 259 541 390 71 271 385 473 553 335 233 43 0 45 159 350 263 171 447 212 43 123 192 717 41 99 342 454 410 118 66 439 156 226 122 373 612 400 521 335 336 124 257 280 416 473 400 664 444 495 378 343 498 285 370 557 393 448 262 397 126 380 247 281 426 164 360 622 289 474 430 113 397 568 163 317 406 546 655 299 207 370 524 
301 364 469 199 227 346 361 422 330 136 324 223 456 365 368 401 577 274 408 304 586 435 108 316 340 518 508 380 278 24 45 0 204 305 218 216 492 179 88 134 237 762 86 144 387 499 365 163 111 394 111 271 119 418 657 445 566 380 291 169 302 235 461 518 445 709 399 450 423 388 543 330 325 602 348 445 307 442 81 335 292 326 471 119 315 667 244 429 475 158 352 613 118 362 451 591 700 344 162 415 569 
135 420 265 255 283 402 353 478 228 128 380 279 252 161 172 197 373 70 204 110 382 231 230 112 396 314 564 180 74 180 159 204 0 361 274 44 362 223 120 134 111 558 118 96 183 295 421 41 183 450 167 93 133 214 453 241 362 176 347 139 98 291 257 314 347 505 455 506 219 310 339 248 381 398 404 459 251 238 285 391 150 160 267 175 371 463 300 485 271 102 408 409 174 242 247 387 496 140 218 211 365 
226 139 354 150 142 41 138 121 589 233 45 246 429 304 533 362 354 375 461 335 417 280 391 421 57 295 203 497 375 307 350 305 361 0 243 405 269 138 393 227 250 539 329 265 310 470 68 380 416 89 194 454 228 281 434 536 343 297 66 474 415 252 346 317 222 486 94 145 200 165 320 113 58 379 101 222 612 385 304 92 511 521 268 186 26 444 197 124 304 463 125 390 187 139 548 368 477 363 163 534 346 
321 382 489 93 101 206 381 364 502 156 198 5 476 385 446 421 597 294 428 324 606 455 304 336 186 538 336 410 298 220 263 218 274 243 0 318 512 199 306 154 257 782 242 178 407 519 311 293 329 246 107 367 141 438 677 465 586 400 177 387 328 17 481 538 465 729 205 346 443 408 563 350 185 622 344 465 525 462 209 151 424 434 491 99 269 687 46 259 495 376 134 633 106 382 471 611 720 364 80 447 589 
179 464 253 299 327 446 397 522 184 172 424 323 240 149 152 185 375 58 192 88 370 219 242 100 440 302 608 164 62 192 171 216 44 405 318 0 406 267 132 178 155 546 130 140 171 283 465 53 195 494 211 55 177 202 441 229 350 164 391 151 86 335 245 302 391 493 499 550 213 354 327 292 425 386 448 503 207 226 297 435 106 116 255 219 415 451 344 529 259 78 452 397 218 286 235 375 484 128 262 199 353 
227 130 355 419 411 306 131 163 590 356 314 515 430 305 534 363 85 376 462 336 418 281 518 422 326 242 202 498 376 468 447 492 362 269 512 406 0 313 408 358 255 270 406 348 311 471 201 381 471 266 419 455 373 282 253 537 84 298 335 475 416 521 347 318 47 217 307 166 193 104 299 162 327 362 168 97 613 386 573 361 512 522 269 441 243 321 466 253 305 464 394 121 406 130 549 319 314 364 432 535 77 
122 197 290 106 98 179 182 255 451 95 157 202 291 186 395 224 398 237 323 197 407 256 253 283 173 339 341 359 237 169 212 193 223 138 199 267 313 0 255 89 112 583 191 127 208 332 198 242 278 227 106 316 90 239 478 398 387 201 124 336 277 208 282 339 266 530 232 283 244 209 364 151 158 423 181 266 474 263 260 168 373 383 292 128 148 488 153 262 296 325 185 434 93 183 410 412 521 225 119 396 390 
217 452 385 287 315 434 385 510 246 160 412 311 372 281 284 317 493 190 324 220 502 351 110 232 428 434 596 296 194 86 43 88 120 393 306 132 408 255 0 166 153 678 64 128 303 415 453 79 63 482 199 187 165 334 573 361 482 296 379 81 218 323 377 434 379 625 487 538 339 342 459 280 413 518 436 491 219 358 165 423 208 242 387 207 403 583 332 517 391 70 440 529 206 278 367 507 616 260 250 331 485 
167 286 335 121 149 268 227 344 362 6 246 157 322 231 306 267 443 148 274 170 452 301 164 194 262 384 430 270 148 110 123 134 134 227 154 178 358 89 166 0 103 628 102 38 253 365 287 153 189 316 61 227 15 284 523 311 432 246 213 247 188 163 327 384 311 575 321 372 289 254 409 196 247 468 270 325 385 308 215 257 284 294 337 83 237 533 166 351 341 236 274 479 48 228 321 457 566 210 84 307 435 
64 309 232 164 172 291 242 367 339 101 269 260 219 128 283 164 340 125 211 85 349 198 263 171 285 281 453 247 125 213 192 237 111 250 257 155 255 112 153 103 0 525 151 93 150 262 310 130 216 339 164 204 118 181 420 286 329 143 236 224 165 266 224 281 236 472 344 395 186 199 306 137 270 365 293 348 362 205 318 280 261 271 234 186 260 430 211 374 238 213 297 376 151 131 298 354 463 113 177 284 332 
461 400 293 689 681 576 401 418 432 626 584 785 306 397 394 361 185 488 354 458 214 327 788 446 596 244 446 382 484 738 717 762 558 539 782 546 270 583 678 628 525 0 676 618 375 267 471 599 741 536 689 491 643 344 105 333 196 382 605 697 460 791 301 244 317 53 577 436 339 374 219 432 597 160 438 317 459 320 843 631 470 436 291 711 513 117 736 523 287 624 664 149 676 400 345 171 110 418 702 347 193 
215 388 383 223 251 370 321 446 284 96 348 247 370 279 282 315 491 188 322 218 500 349 112 230 364 432 532 294 192 62 41 86 118 329 242 130 406 191 64 102 151 676 0 64 301 413 389 77 87 418 135 185 101 332 571 359 480 294 315 145 216 259 375 432 359 623 423 474 337 302 457 244 349 516 372 427 283 356 167 359 206 240 385 143 339 581 268 453 389 134 376 527 142 276 365 505 614 258 186 329 483 
157 324 325 159 187 306 257 382 324 32 284 183 312 221 268 257 433 138 264 160 442 291 170 172 300 374 468 236 134 126 99 144 96 265 178 140 348 127 128 38 93 618 64 0 243 355 325 115 151 354 71 189 37 274 513 301 422 236 251 209 158 195 317 374 301 565 359 410 279 244 399 186 285 458 308 363 347 298 225 295 246 256 327 93 275 523 204 389 331 198 312 469 78 218 307 447 556 200 122 271 425 
86 369 82 314 306 351 302 427 279 251 329 410 119 22 223 52 280 113 151 83 199 48 413 111 345 131 513 187 109 363 342 387 183 310 407 171 311 208 303 253 150 375 301 243 0 160 370 224 366 399 314 144 268 31 270 226 227 13 296 322 105 416 74 131 296 322 404 455 118 259 156 197 330 215 353 408 302 75 468 340 201 211 84 336 320 280 361 434 88 249 357 244 301 191 238 204 313 53 327 224 258 
244 529 116 426 418 511 462 587 169 363 489 522 43 166 131 108 440 225 91 195 87 190 525 183 505 229 673 119 221 475 454 499 295 470 519 283 471 332 415 365 262 267 413 355 160 0 530 336 478 559 426 228 380 189 218 66 387 173 456 434 197 528 124 153 456 270 564 615 278 419 172 357 490 109 513 568 196 85 580 500 207 173 202 448 480 168 473 594 166 361 517 404 413 351 78 152 201 155 439 84 418 
286 71 414 218 210 105 70 57 649 293 113 314 489 364 593 422 286 435 521 395 477 340 451 481 125 301 143 557 435 367 410 365 421 68 311 465 201 198 453 287 310 471 389 325 370 530 0 440 476 65 254 514 288 341 366 596 275 357 134 534 475 320 406 377 154 418 106 85 252 111 358 173 126 421 33 154 672 445 372 160 571 581 328 246 50 380 265 64 364 523 193 322 247 179 608 378 409 423 231 594 278 
154 439 306 274 302 421 372 497 209 147 399 298 293 202 205 238 414 111 245 141 423 272 189 153 415 355 583 217 115 139 118 163 41 380 293 53 381 242 79 153 130 599 77 115 224 336 440 0 142 469 186 108 152 255 494 282 403 217 366 98 139 310 298 355 366 546 474 525 260 329 380 267 400 439 423 478 232 279 244 410 131 163 308 194 390 504 319 504 312 83 427 450 193 261 288 428 537 181 237 252 406 
280 475 448 310 338 457 408 533 309 183 435 334 435 344 347 380 556 253 387 283 565 414 47 295 451 497 619 359 257 109 66 111 183 416 329 195 471 278 63 189 216 741 87 151 366 478 476 142 0 505 222 250 188 397 636 424 545 359 402 58 281 346 440 497 424 688 510 561 402 367 522 309 436 581 459 514 282 421 120 446 271 305 450 230 426 646 355 540 454 117 463 592 229 341 430 570 679 323 273 394 548 
315 136 443 195 167 48 135 118 678 322 70 249 518 393 622 451 351 464 550 424 506 369 480 510 68 348 114 586 464 396 439 394 450 89 246 494 266 227 482 316 339 536 418 354 399 559 65 469 505 0 283 543 317 370 431 625 340 386 103 563 504 255 435 406 219 483 41 100 281 162 387 202 69 450 98 219 701 474 385 95 600 610 357 275 79 441 200 35 393 552 128 387 276 208 637 407 474 452 232 623 343 
228 289 396 88 116 235 288 311 395 63 213 112 383 292 339 328 504 201 335 231 513 362 197 243 229 445 397 307 205 133 156 111 167 194 107 211 419 106 199 61 164 689 135 71 314 426 254 186 222 283 0 260 46 345 584 372 493 307 180 280 229 124 388 445 372 636 288 339 350 315 470 257 214 529 251 372 418 369 154 224 317 327 398 22 204 594 133 318 402 269 241 540 13 289 378 518 627 271 51 342 496 
228 513 198 348 376 495 446 571 135 221 473 372 185 150 97 130 424 79 137 119 315 174 297 45 489 247 657 109 79 247 226 271 93 454 367 55 455 316 187 227 204 491 185 189 144 228 514 108 250 543 260 0 226 173 386 174 371 157 440 206 39 384 190 247 440 438 548 599 262 403 272 341 474 331 497 552 158 171 352 484 57 67 200 268 464 396 393 578 204 133 501 388 267 335 180 320 429 91 311 144 402 
182 287 350 122 150 269 242 345 361 17 247 146 337 246 305 282 458 155 289 185 467 316 163 197 263 399 431 269 159 95 122 119 133 228 141 177 373 90 165 15 118 643 101 37 268 380 288 152 188 317 54 226 0 299 538 326 447 261 214 246 187 158 342 399 326 590 322 373 304 269 424 211 248 483 271 326 384 323 200 258 283 293 352 68 238 548 167 352 356 235 275 494 41 243 332 472 581 225 85 306 450 
117 340 73 345 337 322 273 398 308 282 300 441 148 53 252 81 251 144 180 114 168 28 444 140 316 100 484 216 140 394 373 418 214 281 438 202 282 239 334 284 181 344 332 274 31 189 341 255 397 370 345 173 299 0 239 255 198 38 267 353 134 447 65 100 267 291 375 426 89 230 125 168 301 184 324 379 331 104 499 311 230 240 53 367 291 249 392 405 57 280 328 215 332 162 267 173 282 82 358 253 229 
356 311 188 584 576 471 296 369 337 521 479 680 201 292 289 256 222 383 249 353 165 222 683 341 491 139 455 277 379 633 612 657 453 434 677 441 253 478 573 523 420 105 571 513 270 218 366 494 636 431 584 386 538 239 0 284 169 277 500 592 355 686 196 139 238 52 472 397 234 269 114 327 492 109 333 350 360 215 738 526 365 331 186 606 408 68 631 418 182 519 559 186 571 295 296 66 61 313 597 282 200 
310 595 182 430 458 577 528 653 115 309 555 468 109 232 77 174 506 171 75 201 141 256 471 129 571 295 739 65 175 421 400 445 241 536 465 229 537 398 361 311 286 333 359 301 226 66 596 282 424 625 372 174 326 255 284 0 453 239 522 380 143 474 190 219 522 336 630 681 344 485 238 423 556 175 579 634 142 151 526 566 153 119 268 394 546 222 475 660 232 307 583 470 359 417 12 218 255 173 393 30 484 
265 204 271 493 485 380 205 222 506 430 388 589 346 221 450 279 83 292 378 262 334 197 592 338 400 158 286 414 292 542 521 566 362 343 586 350 84 387 482 432 329 196 480 422 227 387 275 403 545 340 493 371 447 214 169 453 0 214 409 501 332 595 263 234 121 143 381 240 143 178 215 236 401 278 242 181 529 302 647 435 428 438 185 515 317 237 540 327 221 428 468 47 480 204 465 235 230 280 506 451 31 
93 356 89 307 299 338 289 414 292 244 316 403 132 15 236 65 267 106 164 76 206 55 406 124 332 138 500 200 102 356 335 380 176 297 400 164 298 201 296 246 143 382 294 236 13 173 357 217 359 386 307 157 261 38 277 239 214 0 283 315 118 409 81 138 283 329 391 442 105 246 163 184 317 222 340 395 315 88 461 327 214 224 91 329 307 287 354 421 95 242 344 233 294 178 251 211 320 66 320 237 245 
212 205 340 92 76 55 204 187 575 219 33 180 415 290 519 348 420 361 447 321 429 278 377 407 49 361 217 483 361 293 336 291 347 66 177 391 335 124 379 213 236 605 315 251 296 456 134 366 402 103 180 440 214 267 500 522 409 283 0 460 401 186 332 361 288 552 108 169 266 231 386 173 34 445 167 288 598 371 282 44 497 507 314 172 92 510 131 138 318 449 61 456 173 205 534 434 543 349 129 520 412 
248 533 404 368 396 515 466 591 265 241 493 392 391 300 303 336 512 209 343 239 521 370 91 251 509 453 677 315 213 167 124 169 139 474 387 151 475 336 81 247 224 697 145 209 322 434 534 98 58 563 280 206 246 353 592 380 501 315 460 0 237 404 396 453 460 644 568 619 358 423 478 361 494 537 517 572 238 377 178 504 227 261 406 288 484 602 413 598 410 73 521 548 287 355 386 526 635 279 331 350 504 
189 474 167 309 337 456 407 532 174 182 434 333 154 111 118 99 385 40 106 80 284 143 328 14 450 216 618 82 44 278 257 302 98 415 328 86 416 277 218 188 165 460 216 158 105 197 475 139 281 504 229 39 187 134 355 143 332 118 401 237 0 345 159 216 401 407 509 560 223 364 241 302 435 300 458 513 197 140 383 445 96 106 169 251 425 365 354 539 173 164 462 349 228 296 149 289 398 52 272 119 363 
330 391 498 102 110 215 390 373 519 167 207 12 485 394 463 430 606 305 437 333 615 464 321 351 195 547 345 427 307 237 280 235 291 252 17 335 521 208 323 163 266 791 259 195 416 528 320 310 346 255 124 384 158 447 686 474 595 409 186 404 345 0 490 547 474 738 214 355 452 417 572 359 194 631 353 474 542 471 226 160 441 451 500 116 278 696 55 268 504 393 127 642 117 391 480 620 729 373 89 464 598 
160 405 8 388 380 387 338 463 243 325 365 484 83 96 187 60 316 187 115 157 125 66 487 145 381 105 549 151 183 437 416 461 257 346 481 245 347 282 377 327 224 301 375 317 74 124 406 298 440 435 388 190 342 65 196 190 263 87 332 396 159 490 0 57 332 248 440 491 154 295 82 233 366 141 389 444 266 39 542 376 169 175 78 410 356 206 435 470 42 323 393 280 375 227 202 130 239 117 401 188 294 
217 376 49 445 437 358 309 434 272 382 340 541 112 153 216 117 287 244 144 214 100 83 544 202 352 76 520 180 240 494 473 518 314 317 538 302 318 339 434 384 281 244 432 374 131 153 377 355 497 406 445 247 399 100 139 219 234 138 361 453 216 547 57 0 303 191 411 462 125 266 25 204 353 84 360 415 295 76 599 387 226 204 49 467 327 149 492 441 43 380 420 251 432 198 231 73 182 174 458 217 265 
212 83 340 372 364 259 84 141 575 309 267 468 415 290 519 348 132 361 447 321 403 266 471 407 279 227 217 483 361 421 400 445 347 222 465 391 47 266 379 311 236 317 359 301 296 456 154 366 424 219 372 440 326 267 238 522 121 283 288 460 401 474 332 303 0 264 260 159 178 57 284 115 280 347 121 112 598 371 526 314 497 507 254 394 196 306 419 206 290 449 347 168 359 105 534 304 299 349 385 520 124 
408 347 240 636 628 523 348 365 389 573 531 732 253 344 341 308 170 435 301 405 217 274 735 393 543 191 403 329 431 685 664 709 505 486 729 493 217 530 625 575 472 53 623 565 322 270 418 546 688 483 636 438 590 291 79 336 143 329 552 644 407 738 248 191 264 0 524 383 286 321 166 379 544 161 385 298 412 267 790 578 417 383 238 658 460 120 683 470 234 571 611 134 623 347 348 118 113 365 649 334 148 
320 177 448 200 172 53 176 159 683 327 75 208 523 398 627 456 392 469 555 429 511 374 485 515 59 335 133 591 469 401 444 399 455 94 205 499 307 232 487 321 344 577 423 359 404 564 106 474 510 41 288 548 322 375 472 630 381 391 108 568 509 214 440 411 260 524 0 141 286 203 392 207 74 455 139 260 706 479 390 64 605 615 362 280 84 482 159 54 398 557 87 428 281 213 642 412 515 457 237 628 384 
371 86 499 253 245 140 153 28 734 378 148 349 574 449 678 507 251 520 606 480 562 425 536 566 160 386 58 642 520 452 495 450 506 145 346 550 166 283 538 372 395 436 474 410 455 615 85 525 561 100 339 599 373 426 397 681 240 442 169 619 560 355 491 462 159 383 141 0 337 196 443 258 161 506 102 119 757 530 441 195 656 666 413 331 135 465 300 87 449 608 228 287 332 264 693 463 458 508 288 679 243 
122 251 162 350 342 237 184 309 397 287 245 446 237 112 341 170 162 183 269 143 225 88 449 229 257 123 395 305 183 399 378 423 219 200 443 213 193 244 339 289 186 339 337 279 118 278 252 260 402 281 350 262 304 89 234 344 209 127 266 358 223 452 154 125 178 286 286 337 0 141 120 93 258 179 235 290 420 193 504 292 319 329 76 372 202 244 397 316 112 285 325 190 337 73 356 168 277 171 363 342 146 
175 110 303 315 307 202 43 168 538 252 210 411 378 253 482 311 189 324 410 284 366 229 414 370 222 224 254 446 324 364 343 388 310 165 408 354 104 209 342 258 199 374 302 248 259 419 111 329 367 162 315 403 269 230 269 485 178 246 231 423 364 417 295 266 57 321 203 196 141 0 247 62 223 310 94 149 561 334 469 257 460 470 217 337 139 279 362 175 253 412 290 225 302 68 497 267 312 312 328 483 181 
242 357 74 470 462 357 290 415 291 407 365 566 131 178 235 142 268 269 163 239 119 108 569 227 377 57 501 199 265 519 498 543 339 320 563 327 299 364 459 409 306 219 457 399 156 172 358 380 522 387 470 272 424 125 114 238 215 163 386 478 241 572 82 25 284 166 392 443 120 247 0 213 378 63 341 396 314 101 624 412 251 223 72 492 308 124 517 422 68 405 445 232 457 181 250 48 157 199 483 236 246 
113 172 241 257 249 154 105 230 476 194 152 353 316 191 420 249 247 262 348 222 304 167 356 308 164 188 316 384 262 306 285 330 248 113 350 292 162 151 280 200 137 432 244 186 197 357 173 267 309 202 257 341 211 168 327 423 236 184 173 361 302 359 233 204 115 379 207 258 93 62 213 0 165 272 156 211 499 272 411 199 398 408 155 279 123 337 304 237 191 350 232 283 244 32 435 261 370 250 270 421 239 
246 197 374 126 98 21 196 179 609 253 17 188 449 324 553 382 412 395 481 355 437 300 411 441 15 353 183 517 395 327 370 325 381 58 185 425 327 158 413 247 270 597 349 285 330 490 126 400 436 69 214 474 248 301 492 556 401 317 34 494 435 194 366 353 280 544 74 161 258 223 378 165 0 437 159 280 632 405 316 34 531 541 306 206 84 502 139 104 324 483 67 448 207 197 568 426 535 383 163 554 404 
301 420 133 529 521 416 353 478 272 466 424 625 146 237 234 201 331 328 194 298 56 167 628 286 436 120 564 222 324 578 557 602 398 379 622 386 362 423 518 468 365 160 516 458 215 109 421 439 581 450 529 331 483 184 109 175 278 222 445 537 300 631 141 84 347 161 455 506 179 310 63 272 437 0 404 459 299 160 683 471 310 276 131 551 371 65 576 485 127 464 504 295 516 242 187 43 98 258 542 187 309 
269 38 397 251 243 138 51 74 632 276 146 347 472 347 576 405 253 418 504 378 460 323 434 464 158 284 160 540 418 350 393 348 404 101 344 448 168 181 436 270 293 438 372 308 353 513 33 423 459 98 251 497 271 324 333 579 242 340 167 517 458 353 389 360 121 385 139 102 235 94 341 156 159 404 0 121 655 428 405 193 554 564 311 273 75 363 298 85 347 506 226 289 238 162 591 361 376 406 264 577 245 
324 83 452 372 364 259 106 101 687 331 267 468 527 402 631 460 132 473 559 433 515 378 489 519 279 339 129 595 473 421 448 445 459 222 465 503 97 266 491 325 348 317 427 363 408 568 154 478 514 219 372 552 326 379 350 634 181 395 288 572 513 474 444 415 112 302 260 119 290 149 396 211 280 459 121 0 710 483 526 314 609 619 366 394 196 418 419 206 402 561 347 168 359 217 646 416 411 461 385 632 150 
386 671 258 506 534 653 604 729 27 379 631 530 183 308 79 250 582 237 151 277 283 332 329 191 647 371 815 115 237 305 262 307 251 612 525 207 613 474 219 385 362 459 283 347 302 196 672 236 282 701 418 158 384 331 360 142 529 315 598 238 197 542 266 295 598 412 706 757 420 561 314 499 632 299 655 710 0 227 384 642 101 91 344 426 622 364 551 736 308 165 659 546 425 493 148 294 397 249 469 112 560 
159 444 31 369 361 426 377 502 204 306 404 465 44 81 148 41 355 168 76 138 144 105 468 126 420 144 588 112 164 418 397 442 238 385 462 226 386 263 358 308 205 320 356 298 75 85 445 279 421 474 369 171 323 104 215 151 302 88 371 377 140 471 39 76 371 267 479 530 193 334 101 272 405 160 428 483 227 0 523 415 150 136 117 391 395 225 416 509 81 304 432 319 356 266 163 149 258 98 382 149 333 
382 443 550 190 218 337 442 425 411 217 315 214 537 446 449 482 658 355 489 385 667 516 95 397 331 599 499 461 359 105 126 81 285 304 209 297 573 260 165 215 318 843 167 225 468 580 372 244 120 385 154 352 200 499 738 526 647 461 282 178 383 226 542 599 526 790 390 441 504 469 624 411 316 683 405 526 384 523 0 326 373 407 552 132 330 748 235 420 556 219 343 694 167 443 532 672 781 425 153 496 650 
256 231 384 136 108 55 230 213 619 263 47 154 459 334 563 392 446 405 491 365 455 310 421 451 35 387 185 527 405 337 380 335 391 92 151 435 361 168 423 257 280 631 359 295 340 500 160 410 446 95 224 484 258 311 526 566 435 327 44 504 445 160 376 387 314 578 64 195 292 257 412 199 50 471 193 314 642 415 326 0 541 551 340 216 118 536 105 108 344 493 33 482 217 231 578 460 569 393 173 564 438 
285 570 177 405 433 552 503 628 78 278 530 429 164 207 76 149 481 136 116 176 294 231 318 90 546 270 714 88 136 268 247 292 150 511 424 106 512 373 214 284 261 470 206 246 201 207 571 135 271 600 317 57 283 230 365 153 428 214 497 227 96 441 169 226 497 417 605 656 319 460 251 398 531 310 554 609 101 150 373 541 0 34 243 325 521 375 450 635 207 154 558 445 324 392 159 299 408 148 368 123 459 
295 580 167 415 443 562 513 638 68 288 540 439 130 217 42 159 491 146 82 186 260 241 352 100 556 280 724 54 146 302 281 326 160 521 434 116 522 383 242 294 271 436 240 256 211 173 581 163 305 610 327 67 293 240 331 119 438 224 507 261 106 451 175 204 507 383 615 666 329 470 223 408 541 276 564 619 91 136 407 551 34 0 253 335 531 341 460 645 217 188 568 455 334 402 125 265 374 158 378 89 469 
170 327 86 398 390 309 260 385 321 335 293 494 161 106 265 94 238 197 193 167 149 67 497 155 305 47 471 229 193 447 426 471 267 268 491 255 269 292 387 337 234 291 385 327 84 202 328 308 450 357 398 200 352 53 186 268 205 91 314 406 169 500 78 49 254 238 362 413 76 217 72 155 306 131 311 366 344 117 552 340 243 253 0 420 278 196 445 392 36 333 373 202 385 149 280 120 229 127 411 266 216 
250 311 418 80 108 227 310 303 403 85 205 104 405 314 361 350 526 223 357 253 535 384 205 265 221 467 389 329 227 121 164 133 189 186 99 219 441 128 207 83 186 711 143 93 336 448 246 194 230 275 22 268 68 367 606 394 515 329 172 288 251 116 410 467 394 658 280 331 372 337 492 279 206 551 273 394 426 391 132 216 325 335 420 0 198 616 125 310 424 277 233 562 35 311 400 540 649 293 43 364 518 
236 113 364 176 168 63 112 107 599 243 71 272 439 314 543 372 328 385 471 345 427 290 401 431 83 269 193 507 385 317 360 315 371 26 269 415 243 148 403 237 260 513 339 275 320 480 50 390 426 79 204 464 238 291 408 546 317 307 92 484 425 278 356 327 196 460 84 135 202 139 308 123 84 371 83 196 622 395 330 118 521 531 278 198 0 418 223 114 314 473 151 364 197 129 558 342 451 373 189 544 320 
366 379 198 594 586 481 312 437 337 531 489 690 211 302 299 266 290 393 259 363 97 232 693 351 501 149 523 287 389 643 622 667 463 444 687 451 321 488 583 533 430 117 581 523 280 168 380 504 646 441 594 396 548 249 68 222 237 287 510 602 365 696 206 149 306 120 482 465 244 279 124 337 502 65 363 418 364 225 748 536 375 341 196 616 418 0 641 444 192 529 569 254 581 305 228 76 33 323 607 252 268 
275 336 443 47 55 160 335 318 528 172 152 49 430 339 472 375 551 314 400 278 560 409 330 360 140 492 290 436 314 246 289 244 300 197 46 344 466 153 332 166 211 736 268 204 361 473 265 319 355 200 133 393 167 392 631 475 540 354 131 413 354 55 435 492 419 683 159 300 397 362 517 304 139 576 298 419 551 416 235 105 450 460 445 125 223 641 0 213 449 402 108 587 126 336 487 565 674 318 82 473 543 
350 123 478 230 202 83 132 105 713 357 105 262 553 428 657 486 338 499 585 459 541 404 515 545 89 365 79 621 499 431 474 429 485 124 259 529 253 262 517 351 374 523 453 389 434 594 64 504 540 35 318 578 352 405 418 660 327 421 138 598 539 268 470 441 206 470 54 119 316 175 422 237 104 485 85 206 736 509 420 108 635 645 392 310 114 444 213 0 428 587 141 374 311 243 672 442 461 487 267 658 330 
174 363 50 402 394 345 296 421 285 339 323 498 125 110 229 74 274 201 157 171 113 40 501 159 339 63 507 193 197 451 430 475 271 304 495 259 305 296 391 341 238 287 389 331 88 166 364 312 454 393 402 204 356 57 182 232 221 95 318 410 173 504 42 43 290 234 398 449 112 253 68 191 336 127 347 402 308 81 556 344 207 217 48 424 314 192 449 428 0 337 377 238 389 185 244 116 225 131 415 230 252 
237 522 331 357 385 504 455 580 192 230 482 381 318 227 230 263 439 136 270 166 448 297 164 178 498 380 666 242 140 156 113 158 102 463 376 78 464 325 70 236 213 624 134 198 249 361 523 83 117 552 269 133 235 280 519 307 428 242 449 73 164 393 323 380 449 571 557 608 285 412 405 350 483 464 506 561 165 304 219 493 154 188 333 277 473 529 402 587 337 0 510 475 276 344 313 453 562 206 320 277 431 
273 264 401 153 125 88 263 246 636 280 80 129 476 351 580 409 479 422 508 382 488 337 438 468 68 420 218 544 422 354 397 352 408 125 134 452 394 185 440 274 297 664 376 312 357 517 193 427 463 128 241 501 275 328 559 583 468 344 61 521 462 127 393 420 347 611 87 228 325 290 445 232 83 504 226 347 659 432 343 33 558 568 373 233 151 569 108 141 377 510 0 515 234 264 595 493 602 410 190 581 471 
312 251 288 540 532 427 252 269 523 477 435 636 363 248 467 296 36 339 395 309 351 214 639 355 447 175 297 431 335 589 568 613 409 390 633 397 121 434 529 479 376 149 527 469 244 404 322 450 592 387 540 388 494 215 186 470 47 233 456 548 349 642 280 251 168 134 428 287 190 225 232 283 448 295 289 168 546 319 694 482 445 455 202 562 364 254 587 374 238 475 515 0 527 251 482 252 247 297 553 468 44 
215 276 383 81 109 228 275 304 402 50 206 109 370 279 346 315 491 188 322 218 500 349 204 234 222 432 390 310 192 120 163 118 174 187 106 218 406 93 206 48 151 676 142 78 301 413 247 193 229 276 13 267 41 332 571 359 480 294 173 287 228 121 375 432 359 623 281 332 337 302 457 244 207 516 238 359 425 356 167 217 324 334 385 35 197 581 126 311 389 276 234 527 0 276 365 505 614 258 44 347 483 
107 178 235 289 281 186 111 236 470 226 184 385 310 185 414 243 215 256 342 216 298 161 388 302 196 156 322 378 256 338 317 362 242 145 382 286 130 183 278 228 131 400 276 218 191 351 179 261 341 208 289 335 243 162 295 417 204 178 205 355 296 391 227 198 105 347 213 264 73 94 181 32 197 242 162 217 493 266 443 231 392 402 149 311 155 305 336 243 185 344 264 251 276 0 429 229 338 244 302 415 207 
322 607 194 442 470 589 540 665 121 315 567 474 119 244 83 186 518 177 87 213 135 268 477 135 583 307 751 71 173 427 406 451 247 548 471 235 549 410 367 321 298 345 365 307 238 78 608 288 430 637 378 180 332 267 296 12 465 251 534 386 149 480 202 231 534 348 642 693 356 497 250 435 568 187 591 646 148 163 532 578 159 125 280 400 558 228 487 672 244 313 595 482 365 429 0 230 249 185 405 36 496 
290 377 122 518 510 405 310 435 271 455 413 614 135 226 223 190 288 317 183 287 99 156 617 275 425 77 521 211 313 567 546 591 387 368 611 375 319 412 507 457 354 171 505 447 204 152 378 428 570 407 518 320 472 173 66 218 235 211 434 526 289 620 130 73 304 118 412 463 168 267 48 261 426 43 361 416 294 149 672 460 299 265 120 540 342 108 565 442 116 453 493 252 505 229 230 0 109 247 531 216 266 
399 372 231 627 619 514 339 430 370 564 522 723 244 335 332 299 283 426 292 396 114 265 726 384 534 182 516 320 422 676 655 700 496 477 720 484 314 521 616 566 463 110 614 556 313 201 409 537 679 474 627 429 581 282 61 255 230 320 543 635 398 729 239 182 299 113 515 458 277 312 157 370 535 98 376 411 397 258 781 569 408 374 229 649 451 33 674 461 225 562 602 247 614 338 249 109 0 356 640 285 261 
137 422 125 271 297 404 355 480 226 208 382 367 112 59 170 82 333 70 112 40 242 91 370 58 398 174 566 134 66 320 299 344 140 363 364 128 364 225 260 210 125 418 258 200 53 155 423 181 323 452 271 91 225 82 313 173 280 66 349 279 52 373 117 174 349 365 457 508 171 312 199 250 383 258 406 461 249 98 425 393 148 158 127 293 373 323 318 487 131 206 410 297 258 244 185 247 356 0 284 171 311 
241 302 409 37 65 184 301 284 446 90 162 83 396 305 390 341 517 232 348 244 526 375 248 278 178 458 346 354 232 164 207 162 218 163 80 262 432 119 250 92 177 702 186 122 327 439 231 237 273 232 57 311 85 358 597 393 506 320 129 331 272 89 401 458 385 649 237 288 363 328 483 270 163 542 264 385 469 382 153 173 368 378 411 43 189 607 82 267 415 320 190 553 44 302 405 531 640 284 0 391 509 
308 593 180 428 456 575 526 651 85 301 553 452 105 230 47 172 504 159 73 199 171 254 441 113 569 293 737 37 159 391 370 415 213 534 447 199 535 396 331 307 284 347 329 271 224 84 594 252 394 623 342 144 306 253 282 30 451 237 520 350 119 464 188 217 520 334 628 679 342 483 236 421 554 187 577 632 112 149 496 564 123 89 266 364 544 252 473 658 230 277 581 468 347 415 42 216 285 171 391 0 482 
268 260 302 496 488 383 208 225 537 433 391 592 377 252 481 310 22 323 646 283 365 228 595 369 403 189 264 445 323 545 524 569 365 346 589 353 77 390 485 435 332 193 483 425 258 418 278 805 548 343 496 402 450 229 200 484 31 417 743 504 363 598 294 265 124 148 384 243 146 181 246 389 404 309 245 288 560 333 650 438 459 469 216 518 320 268 702 330 252 431 471 44 483 207 496 266 261 311 509 482 0 